0.920 0.800
0.890 0.800
0.860 0.800
0.830 0.800
0.800 0.800
0.770 0.800
0.770 0.770
0.770 0.740
0.770 0.710
0.770 0.680
0.770 0.650
0.770 0.620
0.770 0.590
0.770 0.560
0.770 0.530
0.770 0.500
0.770 0.470
0.770 0.440
0.770 0.410
0.770 0.380
0.740 0.380
0.710 0.380
0.680 0.380
0.650 0.380
0.620 0.380
0.590 0.380
0.560 0.380
0.560 0.350
0.560 0.320
0.560 0.290
0.560 0.260
0.560 0.230
0.560 0.200
0.560 0.170
0.560 0.140
0.560 0.110
0.560 0.080
0.560 0.050
0.560 0.020
0.560 -0.010
0.560 -0.040
0.560 -0.070
0.560 -0.100
0.560 -0.130
0.560 -0.160
0.560 -0.190
0.560 -0.220
0.560 -0.250
0.560 -0.280
0.560 -0.310
0.560 -0.340
0.560 -0.370
0.560 -0.400
0.560 -0.430
0.560 -0.460
0.560 -0.490
0.560 -0.520
0.560 -0.550
0.560 -0.580
0.560 -0.610
0.530 -0.610
0.500 -0.610
0.470 -0.610
0.440 -0.610
0.410 -0.610
